1.)	データをソートするプログラムを使い、並べ替えましょう。
参考は以下の通り。
http://www.isc.meiji.ac.jp/~mizutani/python/sorting.html





2.)	まず、Pythonを呼び出して、そこからデータを並べ替えています。
=========実行結果===========
[mainecoon@SECCON-Computing Files]$ python
Python 2.7.12 (default, Dec  4 2017, 14:50:18)
[GCC 5.4.0 20160609] on linux2
Type "help", "copyright", "credits" or "license" for more information.

#sortedを使用してデータを並べ替えましょう
>>> sorted([15,1,93,52,66,31,87,0,42,77,46,24,99,10,19,36,27,4,58,76,2,81,50,102,33,94,20,14,80,82,49,41,12,143,121,7,111,100,60,55,108,34,150,103,109,130,25,54,57,159,136,110,3,167,119,72,18,151,105,171,160,144,85,201,193,188,190,146,210,211,63,207])
[0, 1, 2, 3, 4, 7, 10, 12, 14, 15, 18, 19, 20, 24, 25, 27, 31, 33, 34, 36, 41, 42, 46, 49, 50, 52, 54, 55, 57, 58, 60, 63, 66, 72, 76, 77,80, 81, 82, 85, 87, 93, 94, 99, 100, 102, 103, 105, 108, 109, 110, 111, 119, 121, 130, 136, 143, 144, 146, 150, 151, 159, 160, 167, 171, 188, 190, 193, 201, 207, 210, 211]



#このままでは、昇順に並び替えられているため、答えとしては不適切です。降順にするコードを書きます。



#今度は、前のコードの末尾あたりに  ",reverse=True"  を追加しましょう。[Trueにしないとエラー出ます。]
>>> sorted([15,1,93,52,66,31,87,0,42,77,46,24,99,10,19,36,27,4,58,76,2,81,50,102,33,94,20,14,80,82,49,41,12,143,121,7,111,100,60,55,108,34,150,103,109,130,25,54,57,159,136,110,3,167,119,72,18,151,105,171,160,144,85,201,193,188,190,146,210,211,63,207],reverse=True)
[211, 210, 207, 201, 193, 190, 188, 171, 167, 160, 159, 151, 150, 146, 144, 143, 136, 130, 121, 119, 111, 110, 109, 108, 105, 103, 102, 100, 99, 94, 93, 87, 85, 82, 81, 80, 77, 76, 72, 66, 63, 60, 58, 57, 55, 54, 52, 50, 49, 46, 42, 41, 36, 34, 33, 31, 27, 25, 24, 20, 19, 18, 15, 14, 12, 10, 7, 4, 3, 2, 1, 0]


#出力をうまくくっつけてみます。一度Ctrl+DキーでPyhonのコンソールから抜け出します。



#シェルでデータを置換します
[mainecoon@SECCON-Computing Files]$ echo "211, 210, 207, 201, 193, 190, 188, 171, 167, 160, 159, 151, 150, 146, 144, 143, 136, 130, 121, 119, 111, 110, 109, 108, 105, 103, 102, 100, 99, 94, 93, 87, 85, 82, 81, 80, 77, 76, 72, 66, 63, 60, 58, 57, 55, 54, 52, 50, 49, 46, 42, 41, 36, 34, 33, 31, 27, 25, 24, 20, 19, 18, 15, 14, 12, 10, 7, 4, 3, 2, 1, 0" | sed -e 's/, //g'
2112102072011931901881711671601591511501461441431361301211191111101091081051031021009994938785828180777672666360585755545250494642413634333127252420191815141210743210